%YAML:1.0
---
mean: !!opencv-matrix
   rows: 68
   cols: 3
   dt: d
   data: [ -1.2960838257694041e-01, -9.2760616423074774e-02,
       -1.2983198922500888e-01, -1.2801094420772399e-01,
       -5.4668129563451642e-02, -1.3084088284987472e-01,
       -1.2318106183159658e-01, -1.8068030896910135e-02,
       -1.3315913647221628e-01, -1.1756563471434260e-01,
       1.8653685951161677e-02, -1.3196407031696208e-01,
       -1.0822662716097341e-01, 5.6085035511647258e-02,
       -1.2113692780655295e-01, -9.2084306186412057e-02,
       9.1029954051919243e-02, -9.5493930475588087e-02,
       -6.7527999652598328e-02, 1.2197481238281187e-01,
       -6.1963160938483981e-02, -3.8119809291940109e-02,
       1.4473468263470685e-01, -3.2036343494176382e-02,
       -3.1984258273261091e-03, 1.5285409102036188e-01,
       -2.0707711927230782e-02, 3.2387137482959412e-02,
       1.4659511188281699e-01, -3.1305680448356445e-02,
       6.4526096223126148e-02, 1.2496697450264958e-01,
       -6.0830314226044874e-02, 9.2489876440738625e-02,
       9.5510637070361504e-02, -9.3169134926295902e-02,
       1.1180475933853913e-01, 6.1593025783323541e-02,
       -1.1786627909198280e-01, 1.2357612950587211e-01,
       2.4704592335601076e-02, -1.2856365300369418e-01,
       1.3056062814595501e-01, -1.2192180065818431e-02,
       -1.2995991189701769e-01, 1.3834483953291560e-01,
       -4.9029391971763842e-02, -1.2823642709740510e-01,
       1.4170389337306685e-01, -8.6668440072554545e-02,
       -1.2801027324407852e-01, -1.0971467947223677e-01,
       -1.0467390257913209e-01, -7.2429698622582094e-03,
       -9.4023777403867040e-02, -1.1600105841127786e-01,
       1.9286216461108632e-02, -7.1100108689212474e-02,
       -1.1983285837501491e-01, 3.7446653520160099e-02,
       -4.7271060973308326e-02, -1.1576393657223547e-01,
       4.7913197338157944e-02, -2.4823217601953745e-02,
       -1.0446420392262164e-01, 5.2555707925245582e-02,
       2.6857235803831637e-02, -1.0286038616633021e-01,
       5.1736875984227396e-02, 4.9781054500271107e-02,
       -1.1341867409715438e-01, 4.7559271699624331e-02,
       7.5358980113867768e-02, -1.1621565482756897e-01,
       3.7404599723198088e-02, 9.9137978550328368e-02,
       -1.1074477697099000e-01, 1.9424444687295293e-02,
       1.1487446973296632e-01, -9.7758619030102162e-02,
       -7.2841305242200456e-03, -2.6564832590339873e-04,
       -7.1946714547232213e-02, 5.5839213221327871e-02,
       -9.6651607454776613e-04, -4.8708208008267653e-02,
       7.0531505506288020e-02, -2.1042499323012617e-03,
       -2.5535088438456633e-02, 8.4879606206880162e-02,
       -2.3565692254154196e-03, -3.4704253014624944e-03,
       8.6361258932706950e-02, -2.5642411683098689e-02,
       1.2225325506568234e-02, 3.9796069104272108e-02,
       -1.4387009143905193e-02, 1.7145047022495016e-02,
       4.8983436387750150e-02, -2.0299895269239540e-03,
       2.0406521023635913e-02, 5.3279039582205590e-02,
       1.0740519881062132e-02, 1.7902574196081638e-02,
       4.9839797576620631e-02, 2.2827118947628244e-02,
       1.3645552733503813e-02, 4.1189384944691196e-02,
       -8.3028624946205776e-02, -7.3957438227721717e-02,
       1.5637779360455544e-03, -6.8066329403268178e-02,
       -8.2492183021767918e-02, 1.9996684077181644e-02,
       -4.9214484695254163e-02, -8.1951185412218200e-02,
       2.0466781077817013e-02, -3.1877945714141057e-02,
       -6.8451428543154974e-02, 1.3961026200727736e-02,
       -5.0084036955927634e-02, -6.3908793578384929e-02,
       1.6760806442485020e-02, -6.9682668308092152e-02,
       -6.4741174815394736e-02, 1.1700720136823457e-02,
       3.4619140326900437e-02, -6.6837543991232581e-02,
       1.3762570330075377e-02, 5.2329957594161307e-02,
       -7.9493725013450908e-02, 2.0119434467992192e-02,
       7.1223701504309858e-02, -7.9136251294118443e-02,
       1.9425604504160917e-02, 8.6795974179574367e-02,
       -6.9385077588199964e-02, 1.0304673968893614e-03,
       7.1839145139565061e-02, -6.0870725836288921e-02,
       1.1157261624380356e-02, 5.2356657888020977e-02,
       -6.1419201208674022e-02, 1.6476245726259536e-02,
       -5.0966230179206262e-02, 6.0571592226457499e-02,
       1.2979016206958913e-02, -3.2158295577107261e-02,
       5.3002704169471226e-02, 3.6902990552180964e-02,
       -1.4876910281934426e-02, 4.8949770459766194e-02,
       4.8811457411975227e-02, -2.8851730871847620e-03,
       5.2623168223836184e-02, 5.0024014999079533e-02,
       9.3380926248293784e-03, 4.9746445962756999e-02,
       5.0057099539046128e-02, 2.7459567143231230e-02,
       5.5460149127715408e-02, 4.0228963483308434e-02,
       4.7236339722404229e-02, 6.4209894709799972e-02,
       1.7731179527387526e-02, 2.7520010257199815e-02,
       7.8527442167128744e-02, 3.0771375827825062e-02,
       1.0137791342012896e-02, 8.3419243803467685e-02,
       3.5644607911318515e-02, -2.9495027011360885e-03,
       8.4145546652395445e-02, 3.6529362233539642e-02,
       -1.5876500491599051e-02, 8.2588018352327500e-02,
       3.4461843132976247e-02, -3.2567732112939049e-02,
       7.6149213790845147e-02, 2.8018301572895331e-02,
       -4.1587450219711580e-02, 6.1048580777917159e-02,
       1.4523643442600065e-02, -1.4907170701528936e-02,
       6.3713159876114756e-02, 3.5771233959539649e-02,
       -2.9545281469393818e-03, 6.5580655987233324e-02,
       3.9945598380891796e-02, 9.2869790226454731e-03,
       6.4601174998889413e-02, 3.7596161139170754e-02,
       3.8652064914809638e-02, 6.4210704829350401e-02,
       1.9075801207452538e-02, 9.3454099068518079e-03,
       6.3158955495785166e-02, 3.7098470056927083e-02,
       -2.3723776810194120e-03, 6.3823394080902915e-02,
       3.7379377552492196e-02, -1.4847158433921604e-02,
       6.1868585470219520e-02, 3.5604770967284066e-02 ]
